@<TRIPOS>MOLECULE
ZINC00000806
   48    50     0     0     0
SMALL
USER_CHARGES

@<TRIPOS>ATOM
      1 C1          0.9918    6.8514   -2.4019 C.ar      1 <0>        -0.1145
      2 C2         -1.8924    1.4562   -6.0381 C.ar      1 <0>        -0.1043
      3 C3          1.2324    6.3842   -3.6940 C.ar      1 <0>        -0.1304
      4 C4          0.7958    5.9467   -1.3584 C.ar      1 <0>        -0.1270
      5 C5         -2.1113    2.5425   -5.1910 C.ar      1 <0>        -0.1245
      6 C6         -0.6980    0.7400   -5.9595 C.ar      1 <0>        -0.1246
      7 C7          1.2769    5.0124   -3.9426 C.ar      1 <0>        -0.1361
      8 C8          0.8403    4.5749   -1.6070 C.ar      1 <0>        -0.0840
      9 C9         -1.1358    2.9127   -4.2652 C.ar      1 <0>        -0.0831
     10 C10         0.2775    1.1102   -5.0337 C.ar      1 <0>        -0.1105
     11 C11         1.0809    4.1077   -2.8991 C.ar      1 <0>        -0.0823
     12 C12         0.0586    2.1965   -4.1866 C.ar      1 <0>        -0.1250
     13 C13         1.1015    1.7398   -1.9068 C.2       1 <0>         0.2794
     14 C14        -2.5434   -0.2320   -1.2208 C.3       1 <0>        -0.1809
     15 C15        -4.0026    0.0273   -0.9076 C.3       1 <0>        -0.1359
     16 C16        -2.6023    1.8016    0.0325 C.3       1 <0>        -0.1361
     17 C17        -1.8314    0.4923   -0.0880 C.3       1 <0>        -0.1328
     18 C18        -5.0719    1.7469    0.5918 C.3       1 <0>        -0.1797
     19 C19        -0.3488    0.6983   -0.3457 C.3       1 <0>        -0.0068
     20 C20         1.1294    2.6023   -3.1713 C.3       1 <0>         0.2070
     21 N1         -4.0115    1.4619   -0.4232 N.4       1 <0>         0.0099
     22 O1          2.0928    1.3703   -1.2887 O.2       1 <0>        -0.3300
     23 O2          2.4317    2.2261   -3.6637 O.3       1 <0>        -0.3249
     24 O3         -0.1923    1.4625   -1.5299 O.3       1 <0>        -0.2662
     25 H1          0.9585    7.9195   -2.2082 H         1 <0>         0.1384
     26 H2         -2.6526    1.1672   -6.7580 H         1 <0>         0.1397
     27 H3          1.3861    7.0885   -4.5064 H         1 <0>         0.1356
     28 H4          0.6096    6.3100   -0.3521 H         1 <0>         0.1417
     29 H5         -3.0417    3.0995   -5.2513 H         1 <0>         0.1396
     30 H6         -0.5276   -0.1064   -6.6181 H         1 <0>         0.1394
     31 H7          1.4648    4.6576   -4.9526 H         1 <0>         0.1359
     32 H8          0.6864    3.8774   -0.7879 H         1 <0>         0.1556
     33 H9         -1.3150    3.7606   -3.6093 H         1 <0>         0.1394
     34 H10         1.2051    0.5465   -4.9796 H         1 <0>         0.1301
     35 H11        -2.3130   -1.3012   -1.2453 H         1 <0>         0.1228
     36 H12        -2.2798    0.1976   -2.1950 H         1 <0>         0.1494
     37 H13        -4.6622   -0.0501   -1.7759 H         1 <0>         0.1518
     38 H14        -4.3589   -0.6105   -0.0913 H         1 <0>         0.1500
     39 H15        -2.6289    2.1830    1.0580 H         1 <0>         0.1526
     40 H16        -2.2360    2.5783   -0.6472 H         1 <0>         0.1588
     41 H17        -1.9532   -0.0826    0.8398 H         1 <0>         0.1491
     42 H18        -4.8730    1.1246    1.4663 H         1 <0>         0.1435
     43 H19        -5.0168    2.8076    0.8440 H         1 <0>         0.1396
     44 H20        -6.0369    1.4992    0.1454 H         1 <0>         0.1407
     45 H21         0.1505   -0.2646   -0.4750 H         1 <0>         0.0891
     46 H22         0.1097    1.2354    0.4876 H         1 <0>         0.1212
     47 H23        -4.2116    2.0546   -1.2407 H         1 <0>         0.2531
     48 H24         2.5564    2.7295   -4.4776 H         1 <0>         0.2263
@<TRIPOS>BOND
     1    1    3 ar
     2    1    4 ar
     3    2    5 ar
     4    2    6 ar
     5    3    7 ar
     6    4    8 ar
     7    5    9 ar
     8    6   10 ar
     9    7   11 ar
    10    8   11 ar
    11    9   12 ar
    12   10   12 ar
    13   11   20 1
    14   12   20 1
    15   13   20 1
    16   13   22 2
    17   13   24 1
    18   14   15 1
    19   14   17 1
    20   15   21 1
    21   16   17 1
    22   16   21 1
    23   17   19 1
    24   18   21 1
    25   19   24 1
    26   20   23 1
    27    1   25 1
    28    2   26 1
    29    3   27 1
    30    4   28 1
    31    5   29 1
    32    6   30 1
    33    7   31 1
    34    8   32 1
    35    9   33 1
    36   10   34 1
    37   14   35 1
    38   14   36 1
    39   15   37 1
    40   15   38 1
    41   16   39 1
    42   16   40 1
    43   17   41 1
    44   18   42 1
    45   18   43 1
    46   18   44 1
    47   19   45 1
    48   19   46 1
    49   21   47 1
    50   23   48 1
@<TRIPOS>MOLECULE
ZINC00000806
   48    50     0     0     0
SMALL
USER_CHARGES

@<TRIPOS>ATOM
      1 C1          0.9918    6.8514   -2.4019 C.ar      1 <0>        -0.1145
      2 C2         -1.8924    1.4562   -6.0381 C.ar      1 <0>        -0.1043
      3 C3          1.2324    6.3842   -3.6940 C.ar      1 <0>        -0.1304
      4 C4          0.7958    5.9467   -1.3584 C.ar      1 <0>        -0.1270
      5 C5         -2.1113    2.5425   -5.1910 C.ar      1 <0>        -0.1245
      6 C6         -0.6980    0.7400   -5.9595 C.ar      1 <0>        -0.1246
      7 C7          1.2769    5.0124   -3.9426 C.ar      1 <0>        -0.1361
      8 C8          0.8403    4.5749   -1.6070 C.ar      1 <0>        -0.0840
      9 C9         -1.1358    2.9127   -4.2652 C.ar      1 <0>        -0.0831
     10 C10         0.2775    1.1102   -5.0337 C.ar      1 <0>        -0.1105
     11 C11         1.0809    4.1077   -2.8991 C.ar      1 <0>        -0.0823
     12 C12         0.0586    2.1965   -4.1866 C.ar      1 <0>        -0.1250
     13 C13         1.1015    1.7398   -1.9068 C.2       1 <0>         0.2794
     14 C14        -2.1159   -0.3301    1.1601 C.3       1 <0>        -0.1809
     15 C15        -3.5730   -0.7029    0.9801 C.3       1 <0>        -0.1359
     16 C16        -2.5242   -0.2950   -1.1940 C.3       1 <0>        -0.1361
     17 C17        -1.8314    0.4923   -0.0880 C.3       1 <0>        -0.1328
     18 C18        -5.0265   -0.6689   -1.0777 C.3       1 <0>        -0.1797
     19 C19        -0.3488    0.6983   -0.3457 C.3       1 <0>        -0.0068
     20 C20         1.1294    2.6023   -3.1713 C.3       1 <0>         0.2070
     21 N1         -3.6844   -0.9909   -0.5023 N.4       1 <0>         0.0099
     22 O1          2.0928    1.3703   -1.2887 O.2       1 <0>        -0.3300
     23 O2          2.4317    2.2261   -3.6637 O.3       1 <0>        -0.3249
     24 O3         -0.1923    1.4625   -1.5299 O.3       1 <0>        -0.2662
     25 H1          0.9585    7.9195   -2.2082 H         1 <0>         0.1384
     26 H2         -2.6526    1.1672   -6.7580 H         1 <0>         0.1397
     27 H3          1.3861    7.0885   -4.5064 H         1 <0>         0.1356
     28 H4          0.6096    6.3100   -0.3521 H         1 <0>         0.1417
     29 H5         -3.0417    3.0995   -5.2513 H         1 <0>         0.1396
     30 H6         -0.5276   -0.1064   -6.6181 H         1 <0>         0.1394
     31 H7          1.4648    4.6576   -4.9526 H         1 <0>         0.1359
     32 H8          0.6864    3.8774   -0.7879 H         1 <0>         0.1556
     33 H9         -1.3150    3.7606   -3.6093 H         1 <0>         0.1394
     34 H10         1.2051    0.5465   -4.9796 H         1 <0>         0.1301
     35 H11        -1.9479    0.2348    2.0819 H         1 <0>         0.1228
     36 H12        -1.4922   -1.2318    1.1926 H         1 <0>         0.1494
     37 H13        -3.8721   -1.5983    1.5313 H         1 <0>         0.1518
     38 H14        -4.2357    0.1371    1.2150 H         1 <0>         0.1500
     39 H15        -2.9045    0.3472   -1.9945 H         1 <0>         0.1526
     40 H16        -1.8951   -1.0863   -1.6148 H         1 <0>         0.1588
     41 H17        -2.3138    1.4741    0.0100 H         1 <0>         0.1491
     42 H18        -5.1938    0.4028   -0.9557 H         1 <0>         0.1435
     43 H19        -5.0128   -0.9465   -2.1334 H         1 <0>         0.1396
     44 H20        -5.7726   -1.2474   -0.5295 H         1 <0>         0.1407
     45 H21         0.1505   -0.2646   -0.4750 H         1 <0>         0.0891
     46 H22         0.1097    1.2354    0.4876 H         1 <0>         0.1212
     47 H23        -3.5406   -2.0028   -0.6241 H         1 <0>         0.2531
     48 H24         2.5564    2.7295   -4.4776 H         1 <0>         0.2263
@<TRIPOS>BOND
     1    1    3 ar
     2    1    4 ar
     3    2    5 ar
     4    2    6 ar
     5    3    7 ar
     6    4    8 ar
     7    5    9 ar
     8    6   10 ar
     9    7   11 ar
    10    8   11 ar
    11    9   12 ar
    12   10   12 ar
    13   11   20 1
    14   12   20 1
    15   13   20 1
    16   13   22 2
    17   13   24 1
    18   14   15 1
    19   14   17 1
    20   15   21 1
    21   16   17 1
    22   16   21 1
    23   17   19 1
    24   18   21 1
    25   19   24 1
    26   20   23 1
    27    1   25 1
    28    2   26 1
    29    3   27 1
    30    4   28 1
    31    5   29 1
    32    6   30 1
    33    7   31 1
    34    8   32 1
    35    9   33 1
    36   10   34 1
    37   14   35 1
    38   14   36 1
    39   15   37 1
    40   15   38 1
    41   16   39 1
    42   16   40 1
    43   17   41 1
    44   18   42 1
    45   18   43 1
    46   18   44 1
    47   19   45 1
    48   19   46 1
    49   21   47 1
    50   23   48 1

